Train Accuracy: 1.0
Test Accuracy: 0.933333333333
(array([[1.10300000e+01, 1.47500000e+01],
       [8.90000000e-01, 5.65000000e+00],
       [1.36000000e+00, 3.22000000e+00],
       [1.06000000e+01, 3.00000000e+01],
       [7.00000000e+01, 1.62000000e+02],
       [1.10000000e+00, 3.88000000e+00],
       [1.58000004e+00, 3.74000000e+00],
       [1.30000000e-01, 6.60000000e-01],
       [4.20000000e-01, 3.58000000e+00],
       [3.81999993e+00, 1.30000000e+01],
       [5.40000000e-01, 1.71000000e+00],
       [1.27000000e+00, 4.00000000e+00],
       [7.37000000e+02, 1.54700000e+03]]), 0, 39.0)
(array([[1.10300000e+01, 1.47500000e+01],
       [3.91999996e+00, 5.65000000e+00],
       [1.36000000e+00, 3.22000000e+00],
       [1.06000000e+01, 3.00000000e+01],
       [7.00000000e+01, 1.62000000e+02],
       [1.10000000e+00, 3.88000000e+00],
       [1.58000004e+00, 3.74000000e+00],
       [1.30000000e-01, 6.60000000e-01],
       [4.20000000e-01, 3.58000000e+00],
       [3.81999993e+00, 1.30000000e+01],
       [5.40000000e-01, 1.71000000e+00],
       [1.27000000e+00, 4.00000000e+00],
       [3.12000000e+02, 7.37000000e+02]]), 0, 1.0)
(array([[1.10300000e+01, 1.47500000e+01],
       [8.90000000e-01, 3.91999996e+00],
       [1.36000000e+00, 3.22000000e+00],
       [1.06000000e+01, 3.00000000e+01],
       [7.00000000e+01, 1.62000000e+02],
       [1.10000000e+00, 3.88000000e+00],
       [1.58000004e+00, 3.74000000e+00],
       [1.30000000e-01, 6.60000000e-01],
       [4.20000000e-01, 3.58000000e+00],
       [3.81999993e+00, 1.30000000e+01],
       [5.40000000e-01, 1.71000000e+00],
       [1.27000000e+00, 4.00000000e+00],
       [3.12000000e+02, 7.37000000e+02]]), 1, 5.0)
(array([[1.10300000e+01, 1.47500000e+01],
       [8.90000000e-01, 5.65000000e+00],
       [1.36000000e+00, 3.22000000e+00],
       [1.06000000e+01, 3.00000000e+01],
       [7.00000000e+01, 1.62000000e+02],
       [1.10000000e+00, 3.88000000e+00],
       [4.70000000e-01, 1.58000004e+00],
       [1.30000000e-01, 6.60000000e-01],
       [4.20000000e-01, 3.58000000e+00],
       [3.81999993e+00, 1.30000000e+01],
       [5.40000000e-01, 1.71000000e+00],
       [1.27000000e+00, 4.00000000e+00],
       [3.12000000e+02, 1.54700000e+03]]), 2, 40.0)
(array([[1.10300000e+01, 1.47500000e+01],
       [8.90000000e-01, 5.65000000e+00],
       [1.36000000e+00, 3.22000000e+00],
       [1.06000000e+01, 3.00000000e+01],
       [7.00000000e+01, 1.62000000e+02],
       [1.10000000e+00, 3.88000000e+00],
       [4.70000000e-01, 3.74000000e+00],
       [1.30000000e-01, 6.60000000e-01],
       [4.20000000e-01, 3.58000000e+00],
       [1.28000000e+00, 3.81999993e+00],
       [5.40000000e-01, 1.71000000e+00],
       [1.27000000e+00, 4.00000000e+00],
       [1.00250000e+03, 1.54700000e+03]]), 0, 2.0)
(array([[1.10300000e+01, 1.47500000e+01],
       [8.90000000e-01, 5.65000000e+00],
       [3.00000000e+00, 3.22000000e+00],
       [1.06000000e+01, 3.00000000e+01],
       [7.00000000e+01, 1.62000000e+02],
       [1.10000000e+00, 3.88000000e+00],
       [4.70000000e-01, 3.74000000e+00],
       [1.30000000e-01, 6.60000000e-01],
       [4.20000000e-01, 3.58000000e+00],
       [1.28000000e+00, 3.81999993e+00],
       [5.40000000e-01, 1.71000000e+00],
       [1.27000000e+00, 4.00000000e+00],
       [3.12000000e+02, 1.00250000e+03]]), 0, 1.0)
(array([[1.10300000e+01, 1.47500000e+01],
       [8.90000000e-01, 5.65000000e+00],
       [1.36000000e+00, 3.00000000e+00],
       [1.06000000e+01, 3.00000000e+01],
       [7.00000000e+01, 1.62000000e+02],
       [1.10000000e+00, 3.88000000e+00],
       [4.70000000e-01, 3.74000000e+00],
       [1.30000000e-01, 6.60000000e-01],
       [4.20000000e-01, 3.58000000e+00],
       [1.28000000e+00, 3.81999993e+00],
       [5.40000000e-01, 1.71000000e+00],
       [1.27000000e+00, 4.00000000e+00],
       [3.12000000e+02, 1.00250000e+03]]), 1, 45.0)
